##FastQC	0.10.1
>>Basic Statistics	pass
#Measure	Value	
Filename	1012_AH_uniq2.fastq	
File type	Conventional base calls	
Encoding	Sanger / Illumina 1.9	
Total Sequences	2044733	
Filtered Sequences	0	
Sequence length	101	
%GC	37	
>>END_MODULE
>>Per base sequence quality	pass
#Base	Mean	Median	Lower Quartile	Upper Quartile	10th Percentile	90th Percentile
1	31.843636797567214	33.0	33.0	33.0	27.0	33.0
2	31.901571011960975	33.0	33.0	33.0	33.0	33.0
3	31.8664006498648	33.0	33.0	33.0	33.0	33.0
4	35.6142689534526	37.0	37.0	37.0	33.0	37.0
5	35.76769142963898	37.0	37.0	37.0	33.0	37.0
6	35.75758301939666	37.0	37.0	37.0	33.0	37.0
7	35.711524194112386	37.0	37.0	37.0	33.0	37.0
8	35.67609316228574	37.0	37.0	37.0	33.0	37.0
9	35.677027758636456	37.0	37.0	37.0	33.0	37.0
10-14	36.04991438980053	37.6	37.0	37.6	33.0	37.6
15-19	37.56868911491133	40.0	37.0	40.0	33.0	40.0
20-24	37.533683175260535	40.0	37.0	40.0	33.0	40.0
25-29	37.41923048143694	40.0	37.0	40.0	33.0	40.0
30-34	37.295415293830544	40.0	37.0	40.0	33.0	40.0
35-39	37.148132005499	40.0	37.0	40.0	33.0	40.0
40-44	36.97479123191145	40.0	37.0	40.0	33.0	40.0
45-49	36.69431793784323	40.0	37.0	40.0	33.0	40.0
50-54	36.460443490666016	40.0	37.0	40.0	33.0	40.0
55-59	36.17682885736181	38.2	37.0	40.0	33.0	40.0
60-64	35.80798500342099	37.0	37.0	40.0	29.4	40.0
65-69	35.26829077439451	37.0	37.0	40.0	27.0	40.0
70-74	34.599674676351384	37.0	33.0	38.2	27.0	40.0
75-79	33.87640293378158	37.0	33.0	37.0	27.0	38.8
80-84	33.313936049352165	37.0	33.0	37.0	27.0	37.0
85-89	33.08996284600483	37.0	33.0	37.0	27.0	37.0
90-94	32.97366502130107	37.0	33.0	37.0	27.0	37.0
95-99	32.713772702841894	37.0	33.0	37.0	27.0	37.0
100-101	32.302543657289235	37.0	33.0	37.0	27.0	37.0
>>END_MODULE
>>Per sequence quality scores	pass
#Quality	Count
2	21996.0
3	4128.0
4	2782.0
5	2188.0
6	2141.0
7	2239.0
8	2532.0
9	2721.0
10	2917.0
11	3000.0
12	3142.0
13	3334.0
14	3452.0
15	3763.0
16	3947.0
17	3918.0
18	4046.0
19	3989.0
20	4053.0
21	4516.0
22	4982.0
23	5718.0
24	7041.0
25	8749.0
26	10678.0
27	13231.0
28	16408.0
29	20577.0
30	26196.0
31	34672.0
32	46179.0
33	63652.0
34	91043.0
35	135905.0
36	235174.0
37	560569.0
38	677934.0
39	1221.0
>>END_MODULE
>>Per base sequence content	fail
#Base	G	A	T	C
1	34.9613444161657	27.817984236503314	15.390341190302456	21.830330157028527
2	12.343298305056564	23.39610774826395	45.58902426678548	18.67156967989401
3	13.129687366271748	32.624338236193125	33.97019159055618	20.275782806978935
4	10.38586174550868	20.47598646661991	46.735008475479795	22.40314331239161
5	9.815985124657288	40.46336770794718	40.13393481571614	9.586712351679394
6	22.405783450243575	46.2128270173436	21.170413125247283	10.21097640716554
7	20.52478245325918	35.49030606930098	30.547215700044944	13.437695777394898
8	18.64202119595252	41.2564984129934	25.133782944447436	14.967697446606643
9	21.38844682501411	18.72033186254036	27.832515447238766	32.05870586520677
10-14	19.27286467245468	27.907898682799708	33.4498898339087	19.36934681083691
15-19	18.21499905121298	33.45488566627346	30.502984277523137	17.827131004990424
20-24	18.2970582300238	31.72847632045807	31.771113786671616	18.203351662846508
25-29	18.425429128924332	31.707493142114636	31.539582059278892	18.32749566968214
30-34	18.530488010060548	31.653843174111778	31.46771210998362	18.347956705844055
35-39	18.530148222090133	31.593513664535756	31.477472425776455	18.398865687597656
40-44	18.60438971769903	31.47047470885649	31.464917237212557	18.460218336231925
45-49	18.599819227210023	31.453271525584558	31.442379358237023	18.504529888968396
50-54	18.56584625198638	31.463891304898873	31.43412928071324	18.536133162401512
55-59	18.649547579374968	31.365993400368325	31.38876661186873	18.59569240838798
60-64	18.637461923101277	31.365909857667784	31.373348329030605	18.623279890200333
65-69	18.674770193300606	31.355750645772414	31.271944346275145	18.697534814651842
70-74	18.695719838264328	31.27630627200448	31.293366625328993	18.734607264402197
75-79	18.717600641981797	31.26938039320406	31.281655417171685	18.73136354764246
80-84	18.665946217913234	31.249660454264472	31.251706293795284	18.83268703402701
85-89	18.76124839930861	31.11787138046993	31.307614856765408	18.813265363456054
90-94	18.76112920345077	31.130621841474433	31.29216567703978	18.81608327803502
95-99	18.761429626296188	31.10629237974009	31.237762755979332	18.894515237984386
100-101	18.895722967504692	30.979552990403604	31.23399346241919	18.890730579672514
>>END_MODULE
>>Per base GC content	fail
#Base	%GC
1	56.79167457319423
2	31.014867984950573
3	33.405470173250684
4	32.78900505790029
5	19.402697476336684
6	32.616759857409114
7	33.96247823065408
8	33.609718642559166
9	53.447152690220875
10-14	38.64221148329159
15-19	36.042130056203405
20-24	36.50040989287031
25-29	36.75292479860647
30-34	36.8784447159046
35-39	36.92901390968779
40-44	37.06460805393096
45-49	37.10434911617842
50-54	37.101979414387884
55-59	37.24523998776294
60-64	37.260741813301614
65-69	37.37230500795245
70-74	37.430327102666524
75-79	37.448964189624256
80-84	37.49863325194024
85-89	37.57451376276466
90-94	37.577212481485795
95-99	37.65594486428058
100-101	37.78645354717721
>>END_MODULE
>>Per sequence GC content	pass
#GC Content	Count
0	0.0
1	0.0
2	1.5
3	3.5
4	6.0
5	7.0
6	13.0
7	20.0
8	35.0
9	53.5
10	62.0
11	77.5
12	100.0
13	120.0
14	144.5
15	192.5
16	238.0
17	282.5
18	392.5
19	551.0
20	842.5
21	1300.5
22	2026.0
23	3446.5
24	5846.0
25	9618.5
26	15315.5
27	23306.5
28	34279.0
29	47686.5
30	62889.5
31	79752.5
32	97226.0
33	113564.0
34	127013.5
35	137008.5
36	142432.0
37	143384.5
38	139979.5
39	132523.5
40	122110.5
41	108937.0
42	94613.0
43	80356.0
44	67601.5
45	55927.0
46	44952.0
47	35704.5
48	28230.5
49	21984.5
50	16715.5
51	12536.0
52	9349.0
53	6938.0
54	4810.5
55	3403.0
56	2531.5
57	1814.5
58	1259.5
59	949.5
60	648.5
61	341.0
62	231.5
63	182.5
64	128.0
65	96.5
66	78.5
67	60.0
68	47.0
69	31.5
70	25.5
71	23.0
72	15.5
73	14.5
74	16.5
75	13.0
76	10.0
77	8.5
78	9.0
79	13.0
80	14.0
81	8.5
82	5.5
83	8.0
84	9.0
85	8.0
86	7.5
87	6.5
88	6.0
89	9.5
90	7.0
91	4.0
92	4.0
93	4.5
94	5.0
95	5.5
96	6.5
97	6.0
98	7.0
99	14.0
100	69.5
>>END_MODULE
>>Per base N content	pass
#Base	N-Count
1	4.4015526721581736E-4
2	1.9562456320702993E-4
3	3.9124912641405986E-4
4	5.379675488193324E-4
5	3.423429856123024E-4
6	9.781228160351497E-5
7	0.0
8	1.4671842240527246E-4
9	0.0015160903648544822
10-14	1.0759350976386648E-4
15-19	8.314043936298773E-4
20-24	0.0025626817780120925
25-29	0.003883147579659545
30-34	0.00744351463002749
35-39	0.014055624866425104
40-44	0.03120211783152128
45-49	0.05196766521594751
50-54	0.05815918264145001
55-59	0.05398259821697992
60-64	0.06369535778020896
65-69	0.059235117739088676
70-74	0.06841969098165873
75-79	0.07628379842258133
80-84	0.07639139193234519
85-89	0.07597079912145009
90-94	0.07690001579668347
95-99	0.08251444076072524
100-101	0.07935021345085153
>>END_MODULE
>>Sequence Length Distribution	pass
#Length	Count
101	2044733.0
>>END_MODULE
>>Sequence Duplication Levels	warn
#Total Duplicate Percentage	34.76799984705388
#Duplication Level	Relative count
1	100.0
2	28.070573926040986
3	9.68632996534316
4	3.6686425216696827
5	1.611945985155443
6	0.8448062367655571
7	0.48944541731083446
8	0.3187256834284626
9	0.2278705460833376
10++	1.6222038232427958
>>END_MODULE
>>Overrepresented sequences	pass
>>END_MODULE
>>Kmer Content	warn
#Sequence	Count	Obs/Exp Overall	Obs/Exp Max	Max Obs/Exp Position
TCCAA	373390	1.766208	5.0100846	2
ACACC	142520	1.1440651	5.175403	6
GTCTT	243935	1.1418303	5.5954494	1
ATACC	232370	1.0991558	5.5397964	6
GTCCA	131485	1.0490032	5.1629314	1
GTATT	353405	0.978998	6.9156146	1
AATAC	345420	0.96695966	5.433411	5
ATACT	299650	0.83521396	5.424836	6
TATTA	499335	0.8201244	5.4067445	2
TATAC	287595	0.80161303	6.001774	5
GTATA	254010	0.70670366	7.2220488	1
>>END_MODULE
