##FastQC	0.10.1
>>Basic Statistics	pass
#Measure	Value	
Filename	1012_AH_uniq1.fastq	
File type	Conventional base calls	
Encoding	Sanger / Illumina 1.9	
Total Sequences	2044733	
Filtered Sequences	0	
Sequence length	101	
%GC	37	
>>END_MODULE
>>Per base sequence quality	pass
#Base	Mean	Median	Lower Quartile	Upper Quartile	10th Percentile	90th Percentile
1	32.76375790873429	33.0	33.0	33.0	33.0	33.0
2	32.77555358083427	33.0	33.0	33.0	33.0	33.0
3	32.786135891580955	33.0	33.0	33.0	33.0	33.0
4	36.73759948120366	37.0	37.0	37.0	37.0	37.0
5	36.679514635896226	37.0	37.0	37.0	37.0	37.0
6	36.658947647443455	37.0	37.0	37.0	37.0	37.0
7	36.603801083075396	37.0	37.0	37.0	37.0	37.0
8	36.59812063482127	37.0	37.0	37.0	37.0	37.0
9	36.573482699208164	37.0	37.0	37.0	37.0	37.0
10-14	37.01039803240814	37.6	37.0	37.6	37.0	37.6
15-19	38.771204162108205	40.0	37.0	40.0	37.0	40.0
20-24	38.78250196969482	40.0	37.0	40.0	37.0	40.0
25-29	38.72089255663209	40.0	37.0	40.0	37.0	40.0
30-34	38.6599602979949	40.0	37.0	40.0	37.0	40.0
35-39	38.60473861379457	40.0	37.0	40.0	37.0	40.0
40-44	38.54716875014977	40.0	37.0	40.0	37.0	40.0
45-49	38.48068280797541	40.0	37.0	40.0	37.0	40.0
50-54	38.35749127147652	40.0	37.0	40.0	37.0	40.0
55-59	38.15162566457332	40.0	37.0	40.0	37.0	40.0
60-64	37.84112576067389	40.0	37.0	40.0	33.0	40.0
65-69	37.43420749799607	37.6	37.0	40.0	33.0	40.0
70-74	36.864401464641105	37.0	37.0	39.4	33.0	40.0
75-79	36.311466484866244	37.0	37.0	37.0	33.0	40.0
80-84	35.79933869116408	37.0	37.0	37.0	33.0	37.0
85-89	35.46205680643878	37.0	35.4	37.0	33.0	37.0
90-94	35.25156643923681	37.0	33.0	37.0	33.0	37.0
95-99	35.10358614058657	37.0	33.0	37.0	33.0	37.0
100-101	34.79334147783598	37.0	33.0	37.0	33.0	37.0
>>END_MODULE
>>Per sequence quality scores	pass
#Quality	Count
6	1.0
7	9.0
8	11.0
9	52.0
10	114.0
11	168.0
12	213.0
13	251.0
14	317.0
15	279.0
16	376.0
17	432.0
18	490.0
19	644.0
20	720.0
21	899.0
22	1182.0
23	1606.0
24	2080.0
25	2928.0
26	4094.0
27	5960.0
28	8246.0
29	11575.0
30	16346.0
31	22321.0
32	31796.0
33	45800.0
34	68015.0
35	101499.0
36	169333.0
37	471268.0
38	1070654.0
39	5054.0
>>END_MODULE
>>Per base sequence content	fail
#Base	G	A	T	C
1	33.24208119450942	28.348954310171496	15.77836884029718	22.63059565502191
2	11.787406962180393	23.98875550010686	44.96841396896318	19.255423568749563
3	12.424116009278473	32.666172062562694	34.27958564761267	20.630126280546165
4	10.027764016133158	21.02323384031069	46.10513939961843	22.843862743937716
5	9.683716457573457	40.570800254149866	40.15176601386281	9.593717274413867
6	22.408304653957263	46.395935312825685	21.019957128876975	10.175802904340078
7	20.397773205597012	35.570952295483075	30.639452681597056	13.39182181732285
8	18.588783963480807	41.41372003092824	25.01500195869094	14.98249404690001
9	21.357018251282685	18.590202241564057	27.824121780203086	32.228657726950175
10-14	19.15686791380586	27.963562968857058	33.47190073227165	19.407668385065435
15-19	18.08281731217485	33.56213156891364	30.4980878215094	17.8569632974021
20-24	18.18031009427637	31.798518437370554	31.803056927236955	18.218114541116126
25-29	18.34607506930031	31.77058615245872	31.558723817982283	18.324614960258696
30-34	18.426925693117273	31.69764262167248	31.49494889422267	18.380482790987575
35-39	18.425212886996235	31.630638432574955	31.527700620884335	18.416448059544482
40-44	18.522884747786183	31.51252768675217	31.50018224686615	18.4644053185955
45-49	18.465482302774358	31.495686174383327	31.4991198220764	18.539711700765917
50-54	18.453741558286694	31.489066527993515	31.494945659122497	18.56224625459729
55-59	18.53132939364143	31.40412857695683	31.44140800618539	18.62313402321635
60-64	18.49645714473529	31.43901080992461	31.423183486995963	18.641348558344127
65-69	18.49527486908818	31.39257229434155	31.36514422284506	18.747008613725207
70-74	18.496280464245014	31.379666537872748	31.337966653787277	18.78608634409496
75-79	18.538963309747665	31.331549449942113	31.32252080232691	18.806966437983316
80-84	18.480915904340698	31.33115960508223	31.27621481349535	18.911709677081724
85-89	18.581598134861764	31.20468647870642	31.279009506265414	18.934705880166394
90-94	18.541114335984847	31.21590825833635	31.316798733674872	18.92617867200393
95-99	18.530543007117192	31.209721192029207	31.25094086795882	19.00879493289478
100-101	18.588292199339797	31.098663629189804	31.284903086278316	19.02814108519208
>>END_MODULE
>>Per base GC content	fail
#Base	%GC
1	55.872676849531324
2	31.042830530929955
3	33.054242289824636
4	32.871626760070875
5	19.277433731987323
6	32.58410755829734
7	33.78959502291986
8	33.571278010380816
9	53.58567597823285
10-14	38.564536298871296
15-19	35.93978060957696
20-24	36.398424635392495
25-29	36.670690029559
30-34	36.80740848410485
35-39	36.84166094654071
40-44	36.98729006638168
45-49	37.005194003540275
50-54	37.015987812883985
55-59	37.15446341685777
60-64	37.13780570307942
65-69	37.242283482813384
70-74	37.28236680833998
75-79	37.34592974773098
80-84	37.392625581422415
85-89	37.516304015028155
90-94	37.46729300798878
95-99	37.53933794001197
100-101	37.61643328453188
>>END_MODULE
>>Per sequence GC content	pass
#GC Content	Count
0	0.0
1	0.0
2	0.0
3	0.0
4	0.0
5	0.5
6	1.5
7	4.5
8	5.5
9	8.0
10	17.0
11	24.0
12	28.5
13	41.0
14	64.5
15	92.5
16	128.5
17	192.0
18	332.0
19	547.5
20	882.5
21	1397.0
22	2230.0
23	3635.5
24	5962.0
25	9843.0
26	15751.5
27	23860.0
28	34623.0
29	47938.0
30	63801.0
31	80689.0
32	97832.0
33	114501.5
34	128195.0
35	138092.5
36	143510.5
37	144386.0
38	140453.0
39	132769.5
40	122254.5
41	108785.0
42	94265.0
43	80099.0
44	67272.5
45	55249.5
46	44252.5
47	35109.0
48	27714.0
49	21381.5
50	15869.0
51	11835.0
52	8724.0
53	6196.5
54	4233.5
55	2923.0
56	2056.0
57	1521.0
58	1092.5
59	785.5
60	504.0
61	227.0
62	134.5
63	122.0
64	101.5
65	62.0
66	44.5
67	26.5
68	15.0
69	10.5
70	8.5
71	7.5
72	5.0
73	3.0
74	1.5
75	0.5
76	0.5
77	0.5
78	0.0
79	0.0
80	0.0
81	0.0
82	0.0
83	0.0
84	0.0
85	0.0
86	0.0
87	0.0
88	0.0
89	0.0
90	0.0
91	0.0
92	0.0
93	0.0
94	0.0
95	0.0
96	0.0
97	0.0
98	0.0
99	0.0
100	0.0
>>END_MODULE
>>Per base N content	pass
#Base	N-Count
1	0.028365561665019343
2	0.0
3	0.0
4	0.0
5	0.01320465801647452
6	0.0
7	0.0
8	0.0
9	0.0
10-14	0.0
15-19	0.00241596335560682
20-24	0.0
25-29	4.4015526721581736E-4
30-34	0.0035114609095661877
35-39	0.00966385342242728
40-44	0.012392816079165349
45-49	0.012715596608456947
50-54	0.010426789218934697
55-59	0.008499887271345452
60-64	0.008186887970214204
65-69	0.005497050226117542
70-74	0.006015455318616171
75-79	0.006357798304228474
80-84	0.0066121102363976125
85-89	0.007071827959934133
90-94	0.0068272972559253456
95-99	0.0038342414388577873
100-101	0.0026164785328940256
>>END_MODULE
>>Sequence Length Distribution	pass
#Length	Count
101	2044733.0
>>END_MODULE
>>Sequence Duplication Levels	warn
#Total Duplicate Percentage	36.75708131600015
#Duplication Level	Relative count
1	100.0
2	30.329882303298824
3	10.576879605768797
4	4.187199541871996
5	1.7873020178730201
6	0.9177630091776301
7	0.49580300495803004
8	0.34585650345856506
9	0.262971502629715
10++	1.7963440179634402
>>END_MODULE
>>Overrepresented sequences	pass
>>END_MODULE
>>Kmer Content	warn
#Sequence	Count	Obs/Exp Overall	Obs/Exp Max	Max Obs/Exp Position
GTCTT	246305	1.1564776	5.027649	1
ACACC	145785	1.150654	5.1788945	6
ATACC	233815	1.0905865	5.5193124	6
GTATT	352970	0.9817934	6.406195	1
AATAC	351605	0.971541	5.532429	5
ATACT	303120	0.8355226	5.528809	6
TATTA	499685	0.8139464	5.3101096	2
TATAC	290430	0.8005438	6.065722	5
GTATA	252915	0.7052114	6.46653	1
>>END_MODULE
