##FastQC	0.10.1
>>Basic Statistics	pass
#Measure	Value	
Filename	1006_BC_uniq1.fastq	
File type	Conventional base calls	
Encoding	Sanger / Illumina 1.9	
Total Sequences	2801472	
Filtered Sequences	0	
Sequence length	101	
%GC	36	
>>END_MODULE
>>Per base sequence quality	pass
#Base	Mean	Median	Lower Quartile	Upper Quartile	10th Percentile	90th Percentile
1	32.69924061350604	33.0	33.0	33.0	33.0	33.0
2	32.763634617800925	33.0	33.0	33.0	33.0	33.0
3	32.75840665193156	33.0	33.0	33.0	33.0	33.0
4	36.708765249126174	37.0	37.0	37.0	37.0	37.0
5	36.62055091037855	37.0	37.0	37.0	37.0	37.0
6	36.59757727366185	37.0	37.0	37.0	37.0	37.0
7	36.567230727274804	37.0	37.0	37.0	37.0	37.0
8	36.55675409213442	37.0	37.0	37.0	37.0	37.0
9	36.518869365819114	37.0	37.0	37.0	37.0	37.0
10-14	36.94807422669225	37.6	37.0	37.6	37.0	37.6
15-19	38.63448180099605	40.0	37.0	40.0	37.0	40.0
20-24	38.58303249149019	40.0	37.0	40.0	37.0	40.0
25-29	38.44740393621639	40.0	37.0	40.0	37.0	40.0
30-34	38.34539756242433	40.0	37.0	40.0	37.0	40.0
35-39	38.297275432344144	40.0	37.0	40.0	37.0	40.0
40-44	38.26515496139172	40.0	37.0	40.0	37.0	40.0
45-49	38.146347634386494	40.0	37.0	40.0	37.0	40.0
50-54	38.09680425147923	40.0	37.0	40.0	36.2	40.0
55-59	37.855882193361204	40.0	37.0	40.0	33.0	40.0
60-64	37.49855583064903	39.4	37.0	40.0	33.0	40.0
65-69	36.99819994631393	37.0	37.0	40.0	33.0	40.0
70-74	36.36643521691453	37.0	37.0	38.8	33.0	40.0
75-79	35.20123513638544	37.0	33.8	37.0	31.8	37.6
80-84	35.24381068238412	37.0	33.0	37.0	33.0	37.0
85-89	34.791606341237745	37.0	33.0	37.0	33.0	37.0
90-94	34.40805476549472	37.0	33.0	37.0	33.0	37.0
95-99	34.027886696708016	37.0	33.0	37.0	33.0	37.0
100-101	33.266565933909035	35.0	33.0	37.0	27.0	37.0
>>END_MODULE
>>Per sequence quality scores	pass
#Quality	Count
5	2.0
6	6.0
7	10.0
8	42.0
9	105.0
10	192.0
11	294.0
12	386.0
13	479.0
14	604.0
15	760.0
16	915.0
17	1149.0
18	1380.0
19	1598.0
20	1971.0
21	2321.0
22	2893.0
23	3727.0
24	4841.0
25	6524.0
26	9111.0
27	12433.0
28	16862.0
29	22965.0
30	30887.0
31	41308.0
32	56692.0
33	78337.0
34	111288.0
35	167034.0
36	298307.0
37	821914.0
38	1101665.0
39	2470.0
>>END_MODULE
>>Per base sequence content	fail
#Base	G	A	T	C
1	33.063794153199524	28.685246586569107	16.182563871822477	22.068395388408888
2	11.647341112101067	23.949123889155416	45.53627521531538	18.867259783428143
3	12.334133704031341	33.346756142541665	34.24119360188948	20.07791655153752
4	9.7692466961296	21.105216938092145	46.889756752318604	22.23577961345966
5	9.453244579992234	40.72237737874946	40.49738851575172	9.32698952550659
6	22.002872781607916	46.82048613118989	21.22488725545839	9.951753831743808
7	20.10964235944532	35.427125454047015	31.257603145774794	13.205629040732871
8	18.280182090051976	41.960384383775526	25.0796813531177	14.6797521730548
9	21.06567547346538	18.792584755442853	28.076739656866106	32.06500011422567
10-14	19.048293183012362	28.08264369588559	33.66510891417084	19.203954206931215
15-19	17.992145127735377	33.601728006218444	30.67042554851711	17.735701317529067
20-24	18.047762519986836	31.91867294175633	31.92974570552031	18.103818832736515
25-29	18.228991683328232	31.863767185163493	31.678906249219157	18.22833488228912
30-34	18.267989163527375	31.825395346559297	31.66404907325485	18.242566416658473
35-39	18.312138243028723	31.75381293168463	31.6608758898554	18.273172935431244
40-44	18.32297449340918	31.69183200831563	31.647012713316432	18.338180784958766
45-49	18.35670617329253	31.62574233322422	31.647480912706214	18.37007058077703
50-54	18.301956971192286	31.642293765563245	31.64591329129829	18.409835971946176
55-59	18.358263084549836	31.530987994882693	31.632027733991276	18.478721186576198
60-64	18.334347086103307	31.55878052680876	31.59404770063738	18.512824686450553
65-69	18.36808812665951	31.553431849174995	31.508232210058168	18.570247814107326
70-74	18.37591121930526	31.492528799516865	31.508056839623332	18.623503141554544
75-79	18.406066240435027	31.529088046385638	31.476221977235248	18.588623735944086
80-84	18.370663664343294	31.51017389249464	31.40301979091778	18.716142652244283
85-89	18.440834302630705	31.386348722848073	31.451446948551908	18.721370025969314
90-94	18.43491119569684	31.408408095719853	31.433061079266484	18.723619629316826
95-99	18.394248313736135	31.449933406413695	31.379090685110533	18.776727594739643
100-101	18.486256989144046	31.307937911088057	31.371987585645016	18.833817514122885
>>END_MODULE
>>Per base GC content	fail
#Base	%GC
1	55.13218954160841
2	30.51460089552921
3	32.41205025556886
4	32.005026309589255
5	18.780234105498824
6	31.95462661335172
7	33.31527140017819
8	32.959934263106774
9	53.130675587691044
10-14	38.25224738994357
15-19	35.72784644526445
20-24	36.151581352723355
25-29	36.45732656561735
30-34	36.51055558018585
35-39	36.58531117845997
40-44	36.66115527836794
45-49	36.726776754069554
50-54	36.71179294313846
55-59	36.83698427112604
60-64	36.84717177255386
65-69	36.93833594076684
70-74	36.9994143608598
75-79	36.994689976379114
80-84	37.08680631658757
85-89	37.16220432860002
90-94	37.15853082501366
95-99	37.170975908475775
100-101	37.32007450326692
>>END_MODULE
>>Per sequence GC content	pass
#GC Content	Count
0	0.0
1	0.0
2	0.0
3	0.0
4	0.0
5	0.5
6	0.5
7	0.0
8	0.5
9	4.0
10	15.5
11	26.0
12	38.5
13	73.5
14	125.0
15	227.0
16	344.5
17	474.5
18	818.5
19	1332.0
20	2050.5
21	3197.5
22	4934.0
23	7764.5
24	12343.5
25	18849.0
26	27621.0
27	39275.5
28	54555.0
29	72733.5
30	93349.5
31	115443.0
32	137835.5
33	158906.0
34	175683.5
35	187432.0
36	193013.0
37	192926.0
38	187580.5
39	177078.5
40	162381.0
41	143806.5
42	124210.5
43	105293.5
44	87833.5
45	71889.5
46	57475.0
47	45489.5
48	35916.0
49	27620.0
50	20543.0
51	15276.5
52	11167.0
53	8040.5
54	5536.0
55	3826.5
56	2749.0
57	1961.0
58	1393.0
59	1008.5
60	656.0
61	346.5
62	236.0
63	175.0
64	137.5
65	110.5
66	71.5
67	43.0
68	32.5
69	34.0
70	30.0
71	21.5
72	18.0
73	14.5
74	14.5
75	12.5
76	10.5
77	12.0
78	9.5
79	5.5
80	2.5
81	2.5
82	1.0
83	0.0
84	0.5
85	1.5
86	1.5
87	0.5
88	1.0
89	1.5
90	0.5
91	0.0
92	0.0
93	0.0
94	0.0
95	0.0
96	0.0
97	0.0
98	0.0
99	0.0
100	0.0
>>END_MODULE
>>Per base N content	pass
#Base	N-Count
1	0.040585806318963746
2	0.0
3	0.009637790418751286
4	0.007567450254723231
5	0.0
6	2.141731204166952E-4
7	0.0
8	3.5695520069449206E-5
9	0.0
10-14	0.0
15-19	2.1417312041669523E-5
20-24	1.213647682361273E-4
25-29	5.282936970278482E-4
30-34	0.001563463779041875
35-39	1.9989491238891555E-4
40-44	0.0
45-49	3.5695520069449206E-5
50-54	0.0
55-59	0.0
60-64	0.0
65-69	0.004361992552486693
70-74	0.0031483448701254196
75-79	0.0018990016676946977
80-84	0.0030698147259726315
85-89	0.016919676512918924
90-94	0.03568124186142142
95-99	0.03219735910264318
100-101	0.018597365956183033
>>END_MODULE
>>Sequence Length Distribution	pass
#Length	Count
101	2801472.0
>>END_MODULE
>>Sequence Duplication Levels	warn
#Total Duplicate Percentage	43.20990011119967
#Duplication Level	Relative count
1	100.0
2	36.454779232566345
3	14.873018807670976
4	6.691093668588332
5	3.39008689513757
6	1.7261374523085198
7	1.0437501050473132
8	0.6311242583659681
9	0.48069650570617006
10++	2.7850143704724606
>>END_MODULE
>>Overrepresented sequences	pass
>>END_MODULE
>>Kmer Content	warn
#Sequence	Count	Obs/Exp Overall	Obs/Exp Max	Max Obs/Exp Position
GCACC	142190	1.4421086	5.056143	6
ACCAT	379940	1.2996911	5.021498	8
ACACC	201285	1.182014	5.145963	6
GTCTT	331970	1.1391991	5.048742	1
ATACC	322295	1.1025003	5.575591	6
GTATT	501465	1.0053357	6.484686	1
AATAC	489420	0.9780847	5.630775	5
ATACA	473855	0.9469788	5.017302	6
ATATA	804390	0.93643	5.2907343	1
ATACT	432070	0.86098015	5.6667004	6
TATTA	738060	0.8567311	5.611147	2
TATAC	412690	0.8223618	6.4533124	5
GTATA	371770	0.7474818	7.0966396	1
>>END_MODULE
