##FastQC	0.10.1
>>Basic Statistics	pass
#Measure	Value	
Filename	1006_AH_uniq1.fastq	
File type	Conventional base calls	
Encoding	Sanger / Illumina 1.9	
Total Sequences	1907464	
Filtered Sequences	0	
Sequence length	101	
%GC	36	
>>END_MODULE
>>Per base sequence quality	pass
#Base	Mean	Median	Lower Quartile	Upper Quartile	10th Percentile	90th Percentile
1	32.7319849811058	33.0	33.0	33.0	33.0	33.0
2	32.746000973019676	33.0	33.0	33.0	33.0	33.0
3	32.77138860812052	33.0	33.0	33.0	33.0	33.0
4	36.70783826064345	37.0	37.0	37.0	37.0	37.0
5	36.63411786539615	37.0	37.0	37.0	37.0	37.0
6	36.61630258814845	37.0	37.0	37.0	37.0	37.0
7	36.5645527255036	37.0	37.0	37.0	37.0	37.0
8	36.557441713185675	37.0	37.0	37.0	37.0	37.0
9	36.53137411767666	37.0	37.0	37.0	37.0	37.0
10-14	36.955469146468815	37.6	37.0	37.6	37.0	37.6
15-19	38.68421569161986	40.0	37.0	40.0	37.0	40.0
20-24	38.699880259863356	40.0	37.0	40.0	37.0	40.0
25-29	38.62549993079817	40.0	37.0	40.0	37.0	40.0
30-34	38.565153208658195	40.0	37.0	40.0	37.0	40.0
35-39	38.500626905671616	40.0	37.0	40.0	37.0	40.0
40-44	38.443602815046575	40.0	37.0	40.0	37.0	40.0
45-49	38.374602508880905	40.0	37.0	40.0	37.0	40.0
50-54	38.25060383839485	40.0	37.0	40.0	37.0	40.0
55-59	38.04390268964447	40.0	37.0	40.0	34.6	40.0
60-64	37.741957174552184	40.0	37.0	40.0	33.0	40.0
65-69	37.33650920803748	37.0	37.0	40.0	33.0	40.0
70-74	36.77948385919734	37.0	37.0	39.4	33.0	40.0
75-79	36.23719829050509	37.0	37.0	37.0	33.0	40.0
80-84	35.712741105467785	37.0	37.0	37.0	33.0	37.0
85-89	35.35383535416658	37.0	34.6	37.0	33.0	37.0
90-94	35.12524210155474	37.0	33.0	37.0	33.0	37.0
95-99	34.9537668862951	37.0	33.0	37.0	33.0	37.0
100-101	34.627665056850354	37.0	33.0	37.0	33.0	37.0
>>END_MODULE
>>Per sequence quality scores	pass
#Quality	Count
3	1.0
4	0.0
5	1.0
6	2.0
7	7.0
8	16.0
9	54.0
10	106.0
11	189.0
12	243.0
13	261.0
14	295.0
15	331.0
16	397.0
17	432.0
18	482.0
19	607.0
20	782.0
21	1008.0
22	1291.0
23	1728.0
24	2365.0
25	3226.0
26	4619.0
27	6430.0
28	9155.0
29	12749.0
30	17619.0
31	24144.0
32	33414.0
33	46640.0
34	66730.0
35	97122.0
36	158527.0
37	434996.0
38	975524.0
39	5971.0
>>END_MODULE
>>Per base sequence content	fail
#Base	G	A	T	C
1	32.66506583125363	28.69489611787798	15.97958174460295	22.66045630626544
2	11.375732386037168	24.078567144648602	45.275507165534975	19.27019330377926
3	12.053753045929046	33.2057118771311	34.226543725071615	20.513991351868242
4	9.620889306429898	21.171723293336072	46.62646319930547	22.58092420092856
5	9.44339317445262	40.75120974697688	40.48170711565595	9.32368996291455
6	22.074282922246503	46.792652443244016	21.1683680530799	9.964696581429584
7	20.071414191827476	35.58384325995143	31.106275138089106	13.238467410131987
8	18.320817588169422	41.852899976093916	25.08513922150038	14.741143214236285
9	21.09413336241208	18.784836830472294	27.98385710031749	32.13717270679813
10-14	19.033638380593292	28.083287548284	33.59460519307311	19.2884688780496
15-19	17.967506587147312	33.61011113088178	30.612858182852225	17.809524099118676
20-24	18.01825879806906	31.914248447152872	31.926411193081496	18.141081561696577
25-29	18.219396116498746	31.87012635691346	31.647484028448392	18.262993498139405
30-34	18.266782006920415	31.815120058718676	31.650906993813564	18.267190940547344
35-39	18.32008534026368	31.756510545422056	31.618261499370888	18.305142614943374
40-44	18.339921222174148	31.671466978517408	31.620083752561033	18.36852804674741
45-49	18.374759953646006	31.63062480265943	31.62016988145881	18.374445362235754
50-54	18.31018806645678	31.66121088301693	31.598713262068568	18.429887788457716
55-59	18.3744604843485	31.549290871354806	31.589976388768154	18.486272255528537
60-64	18.345612480049294	31.55605612842861	31.54936613346288	18.548965258059216
65-69	18.35689834765633	31.537805139166085	31.524802980598054	18.580493532579528
70-74	18.399444427317853	31.499735865999863	31.494063119113214	18.60675658756907
75-79	18.423803194445433	31.52389416831886	31.43299369474302	18.619308942492687
80-84	18.379295737135596	31.495483800611947	31.435882970981822	18.68933749127064
85-89	18.456195399307394	31.426993171040245	31.407584018770358	18.709227410882
90-94	18.423171851122046	31.461055295614514	31.391073589004588	18.724699264258852
95-99	18.438569157269328	31.457986460954373	31.35216712073985	18.751277261036453
100-101	18.505484630818263	31.346907683201557	31.388927772106946	18.758679913873237
>>END_MODULE
>>Per base GC content	fail
#Base	%GC
1	55.325522137519066
2	30.645925689816426
3	32.567744397797284
4	32.20181350735846
5	18.76708313736717
6	32.03897950367608
7	33.30988160195946
8	33.06196080240571
9	53.23130606921021
10-14	38.32210725864289
15-19	35.77703068626599
20-24	36.159340359765636
25-29	36.48238961463815
30-34	36.53397294746776
35-39	36.62522795520706
40-44	36.708449268921555
45-49	36.74920531588176
50-54	36.7400758549145
55-59	36.86073273987704
60-64	36.89457773810851
65-69	36.93739188023586
70-74	37.006201014886926
75-79	37.04311213693812
80-84	37.068633228406235
85-89	37.1654228101894
90-94	37.1478711153809
95-99	37.189846418305784
100-101	37.264164544691496
>>END_MODULE
>>Per sequence GC content	pass
#GC Content	Count
0	0.0
1	0.0
2	0.0
3	0.0
4	0.0
5	0.0
6	1.5
7	5.0
8	8.0
9	11.0
10	21.0
11	31.0
12	48.5
13	78.5
14	126.5
15	191.0
16	248.0
17	360.0
18	598.5
19	921.0
20	1425.0
21	2223.0
22	3472.5
23	5391.5
24	8319.5
25	12632.0
26	18600.5
27	26468.5
28	36736.0
29	49229.0
30	63171.0
31	78207.0
32	93298.0
33	107321.5
34	118741.0
35	127271.5
36	131716.5
37	131798.0
38	127992.5
39	120311.0
40	110393.0
41	98237.0
42	84761.0
43	71779.0
44	60269.0
45	49446.5
46	39360.0
47	31032.5
48	24696.0
49	19153.5
50	14190.5
51	10570.0
52	7810.0
53	5649.0
54	3879.5
55	2733.0
56	2013.5
57	1422.0
58	964.0
59	683.0
60	450.0
61	236.0
62	167.0
63	144.0
64	99.0
65	70.5
66	54.5
67	40.0
68	28.5
69	25.0
70	23.5
71	19.0
72	14.5
73	13.0
74	10.0
75	10.5
76	11.5
77	7.0
78	3.0
79	7.5
80	6.5
81	1.5
82	1.0
83	1.5
84	2.0
85	0.5
86	0.0
87	0.0
88	0.0
89	0.0
90	0.0
91	0.0
92	0.0
93	0.0
94	0.0
95	0.0
96	0.0
97	0.0
98	0.0
99	0.0
100	0.0
>>END_MODULE
>>Per base N content	pass
#Base	N-Count
1	0.028467116548464347
2	0.0
3	0.0
4	0.0
5	0.012949130363666104
6	0.0
7	0.0
8	0.0
9	0.0
10-14	0.0
15-19	0.0019607185247008593
20-24	0.0
25-29	5.242562900269678E-4
30-34	0.0033552402561725938
35-39	0.009510009101089194
40-44	0.011890132657811628
45-49	0.011963528538415404
50-54	0.010034265391116163
55-59	0.00793724023100829
60-64	0.0072452219281726946
65-69	0.004634425603838395
70-74	0.005179652145466441
75-79	0.005410324913078308
80-84	0.0056619679322912515
85-89	0.0061023432159139045
90-94	0.00568293818389233
95-99	0.0032608741239677397
100-101	0.0022543020471159614
>>END_MODULE
>>Sequence Length Distribution	pass
#Length	Count
101	1907464.0
>>END_MODULE
>>Sequence Duplication Levels	warn
#Total Duplicate Percentage	35.64976835649769
#Duplication Level	Relative count
1	100.0
2	28.82596245625199
3	9.806953806539449
4	3.83798622261356
5	1.7580596230826717
6	0.8879089005468039
7	0.5482837460876514
8	0.3440646989618865
9	0.2685924424154082
10++	1.7070048613012305
>>END_MODULE
>>Overrepresented sequences	pass
>>END_MODULE
>>Kmer Content	warn
#Sequence	Count	Obs/Exp Overall	Obs/Exp Max	Max Obs/Exp Position
ACCAT	259510	1.2989575	5.0102167	8
ACACC	137275	1.176078	5.268293	6
GTCTT	228570	1.1515772	5.1088634	1
ATACC	223010	1.1162596	5.88652	6
GTATT	339845	1.0033492	6.407288	1
AATAC	333765	0.9789917	5.54852	5
ATATA	548885	0.9406234	5.3720284	1
TATTA	501460	0.8567804	5.5698237	2
ATACT	292845	0.85639644	5.626071	6
TATAC	274980	0.804152	6.550362	5
GTATA	250020	0.7403672	6.887706	1
>>END_MODULE
