##FastQC	0.10.1
>>Basic Statistics	pass
#Measure	Value	
Filename	1006_AH_uniq2.fastq	
File type	Conventional base calls	
Encoding	Sanger / Illumina 1.9	
Total Sequences	1907464	
Filtered Sequences	0	
Sequence length	101	
%GC	36	
>>END_MODULE
>>Per base sequence quality	pass
#Base	Mean	Median	Lower Quartile	Upper Quartile	10th Percentile	90th Percentile
1	31.727894733531013	33.0	33.0	33.0	27.0	33.0
2	31.756728829482498	33.0	33.0	33.0	27.0	33.0
3	31.73038599942122	33.0	33.0	33.0	27.0	33.0
4	35.56759603326721	37.0	37.0	37.0	33.0	37.0
5	35.578606988126644	37.0	37.0	37.0	33.0	37.0
6	35.63044964413483	37.0	37.0	37.0	33.0	37.0
7	35.54819540499847	37.0	37.0	37.0	33.0	37.0
8	35.57218275154865	37.0	37.0	37.0	33.0	37.0
9	35.523219835341585	37.0	37.0	37.0	33.0	37.0
10-14	35.88686538776092	37.6	37.0	37.6	33.0	37.6
15-19	37.40334475513037	40.0	37.0	40.0	33.0	40.0
20-24	37.356616009528885	40.0	37.0	40.0	33.0	40.0
25-29	37.23745947498878	40.0	37.0	40.0	33.0	40.0
30-34	37.108076482701634	40.0	37.0	40.0	33.0	40.0
35-39	36.968027181640124	40.0	37.0	40.0	33.0	40.0
40-44	36.80138823065599	40.0	37.0	40.0	33.0	40.0
45-49	36.54970295638607	40.0	37.0	40.0	33.0	40.0
50-54	36.32045302034534	40.0	37.0	40.0	33.0	40.0
55-59	36.03520674571054	39.4	37.0	40.0	31.8	40.0
60-64	35.662993063040766	37.0	37.0	40.0	27.0	40.0
65-69	35.13352136658936	37.0	37.0	40.0	27.0	40.0
70-74	34.47665329463623	37.0	33.0	38.2	27.0	40.0
75-79	33.76117536163199	37.0	33.0	37.0	27.0	38.8
80-84	33.19532740853825	37.0	33.0	37.0	27.0	37.0
85-89	32.954466349037254	37.0	33.0	37.0	27.0	37.0
90-94	32.826563856513154	37.0	33.0	37.0	27.0	37.0
95-99	32.572326502623376	37.0	33.0	37.0	27.0	37.0
100-101	32.180968290882554	37.0	33.0	37.0	24.5	37.0
>>END_MODULE
>>Per sequence quality scores	pass
#Quality	Count
2	25074.0
3	5136.0
4	3375.0
5	2596.0
6	2348.0
7	2507.0
8	2816.0
9	3114.0
10	3129.0
11	3234.0
12	3341.0
13	3520.0
14	3678.0
15	3931.0
16	4024.0
17	4198.0
18	4031.0
19	4176.0
20	4226.0
21	4654.0
22	5080.0
23	5849.0
24	6979.0
25	8467.0
26	10465.0
27	12866.0
28	15754.0
29	19800.0
30	24610.0
31	31597.0
32	41710.0
33	56682.0
34	78604.0
35	114397.0
36	194013.0
37	479136.0
38	706226.0
39	2121.0
>>END_MODULE
>>Per base sequence content	fail
#Base	G	A	T	C
1	35.132430246133985	27.799997588412218	15.412405102710046	21.655167062743747
2	12.204954958497229	23.291670664122975	46.07586097345007	18.427513403929723
3	13.053582746908063	33.12597216928682	33.73804235053823	20.082402733266893
4	10.08504512288082	20.481080055235818	47.30400354817773	22.129871273705636
5	9.621186742348582	40.59614450024299	40.40232623854693	9.3803425188615
6	22.1685674472152	46.4953430264928	21.358590629852653	9.977498896439352
7	20.218908685992172	35.32746654979234	31.247752248799713	13.205872515415773
8	18.351839619179433	41.71463621779749	25.182808551686538	14.750715611336544
9	21.260185149263357	18.872946586880595	28.04264787143356	31.824220392422493
10-14	19.18843304024209	27.998072411036958	33.624988112467435	19.18850643625352
15-19	18.154409870431245	33.48297460495176	30.587203673846126	17.775411850770865
20-24	18.21129060991321	31.84536700894013	31.852434138598156	18.090908242548505
25-29	18.36535512496337	31.78074435396055	31.58473921817092	18.26916130290516
30-34	18.407000770185384	31.738212467356252	31.58841167221455	18.266375090243812
35-39	18.449503961023677	31.685337055351564	31.559897211055528	18.30526177256924
40-44	18.497163055555614	31.593653987381053	31.543803726949367	18.365379230113962
45-49	18.49604041722222	31.54663432841301	31.554218851789184	18.40310640257559
50-54	18.449111127756858	31.574325800154973	31.560551097223804	18.416011974864364
55-59	18.542487228994784	31.47605492253472	31.489787129806075	18.49167071866442
60-64	18.543558705860665	31.527096541958326	31.426619103638853	18.502725648542153
65-69	18.56316988487671	31.49318266819346	31.419724495132428	18.5239229517974
70-74	18.58091122440586	31.409918783668765	31.436526449026598	18.572643542898774
75-79	18.61645912353828	31.431587995586252	31.404904478675643	18.547048402199824
80-84	18.569003505268395	31.390378360387256	31.385110909227127	18.655507225117223
85-89	18.69477880463045	31.30213630031684	31.379594447524678	18.623490447528035
90-94	18.689250808590153	31.353487157833943	31.338975346499666	18.618286687076242
95-99	18.668216781917923	31.355058032780764	31.315853926507415	18.660871258793904
100-101	18.832138425659952	31.2254952111878	31.274970422428062	18.667395940724184
>>END_MODULE
>>Per base GC content	fail
#Base	%GC
1	56.787597308877736
2	30.632468362426952
3	33.13598548017496
4	32.21491639658645
5	19.00152926121008
6	32.14606634365455
7	33.424781201407946
8	33.102555230515975
9	53.08440554168584
10-14	38.37693947649561
15-19	35.92982172120211
20-24	36.302198852461714
25-29	36.634516427868526
30-34	36.673375860429196
35-39	36.75476573359291
40-44	36.862542285669576
45-49	36.89914681979781
50-54	36.865123102621226
55-59	37.0341579476592
60-64	37.04628435440282
65-69	37.08709283667411
70-74	37.153554767304634
75-79	37.163507525738105
80-84	37.22451073038562
85-89	37.31826925215848
90-94	37.307537495666395
95-99	37.32908804071183
100-101	37.49953436638414
>>END_MODULE
>>Per sequence GC content	pass
#GC Content	Count
0	0.0
1	0.0
2	0.5
3	3.5
4	7.0
5	9.0
6	13.0
7	17.0
8	26.5
9	45.0
10	68.5
11	85.5
12	100.5
13	134.5
14	175.0
15	245.0
16	323.0
17	417.5
18	595.5
19	860.0
20	1288.5
21	1991.5
22	3034.0
23	4707.5
24	7559.0
25	11719.5
26	17583.5
27	25464.0
28	35658.5
29	47823.0
30	61713.5
31	76895.0
32	92218.5
33	106564.0
34	118518.5
35	126644.5
36	130859.5
37	131440.5
38	127763.0
39	120575.5
40	111021.5
41	99073.5
42	85479.5
43	72744.0
44	61200.0
45	50532.0
46	40661.0
47	32004.0
48	25432.0
49	19826.5
50	14968.0
51	11183.5
52	8331.0
53	6190.0
54	4378.0
55	3141.0
56	2279.0
57	1618.5
58	1187.5
59	852.0
60	561.5
61	333.5
62	236.5
63	170.5
64	117.5
65	86.0
66	64.5
67	50.5
68	45.0
69	39.0
70	36.5
71	33.0
72	30.0
73	28.5
74	25.0
75	23.0
76	16.5
77	16.5
78	17.5
79	13.0
80	10.5
81	12.5
82	13.0
83	11.0
84	9.0
85	6.0
86	5.5
87	5.5
88	8.5
89	8.0
90	4.5
91	3.5
92	5.5
93	7.0
94	9.0
95	8.5
96	5.0
97	7.5
98	9.0
99	13.5
100	58.5
>>END_MODULE
>>Per base N content	pass
#Base	N-Count
1	3.669794030188774E-4
2	5.242562900269678E-5
3	1.5727688700809033E-4
4	3.1455377401618065E-4
5	3.669794030188774E-4
6	1.0485125800539356E-4
7	1.0485125800539356E-4
8	2.097025160107871E-4
9	0.0015727688700809032
10-14	1.7824713860916904E-4
15-19	7.025034286361367E-4
20-24	0.0021913912923127252
25-29	0.0034076658851752905
30-34	0.006867757399353278
35-39	0.013368535395687678
40-44	0.029001857964291854
45-49	0.04980434755256193
50-54	0.056137363536087705
55-59	0.052268352115688685
60-64	0.06109682803974282
65-69	0.056252699919893644
70-74	0.06534330398896127
75-79	0.0743605121774251
80-84	0.07438148242902617
85-89	0.07352170211338195
90-94	0.07498961972545747
95-99	0.08079837941895628
100-101	0.07648899271493459
>>END_MODULE
>>Sequence Length Distribution	pass
#Length	Count
101	1907464.0
>>END_MODULE
>>Sequence Duplication Levels	warn
#Total Duplicate Percentage	33.73689268859467
#Duplication Level	Relative count
1	100.0
2	26.843312984370264
3	8.923958378432985
4	3.5350911373771488
5	1.5838997849648584
6	0.8283904114531468
7	0.5108888600251115
8	0.336263006739692
9	0.239569352441154
10++	1.5175130969389965
>>END_MODULE
>>Overrepresented sequences	pass
>>END_MODULE
>>Kmer Content	warn
#Sequence	Count	Obs/Exp Overall	Obs/Exp Max	Max Obs/Exp Position
ACACC	137335	1.1991417	5.2994995	6
GTCTT	224110	1.129074	5.5440645	1
ATACC	218755	1.1130387	5.715043	6
GTCCA	120575	1.0452119	5.0511794	1
GTATT	340255	1.0015612	7.1305585	1
AATAC	326715	0.97125465	5.657933	5
ATATA	533950	0.92497	5.382184	1
TATTA	497650	0.8598093	5.864641	2
ATACT	286510	0.84948355	5.655893	6
TATAC	271140	0.8039124	6.3285956	5
GTATA	252580	0.74545383	7.8075905	1
TATAA	423390	0.73344505	5.0639043	2
>>END_MODULE
