##FastQC	0.10.1
>>Basic Statistics	pass
#Measure	Value	
Filename	1012_BC_uniq1.fastq	
File type	Conventional base calls	
Encoding	Sanger / Illumina 1.9	
Total Sequences	3159915	
Filtered Sequences	0	
Sequence length	101	
%GC	37	
>>END_MODULE
>>Per base sequence quality	pass
#Base	Mean	Median	Lower Quartile	Upper Quartile	10th Percentile	90th Percentile
1	32.74773245482869	33.0	33.0	33.0	33.0	33.0
2	32.8001639284601	33.0	33.0	33.0	33.0	33.0
3	32.79640053609037	33.0	33.0	33.0	33.0	33.0
4	36.75716783521076	37.0	37.0	37.0	37.0	37.0
5	36.675099804899816	37.0	37.0	37.0	37.0	37.0
6	36.65481444912284	37.0	37.0	37.0	37.0	37.0
7	36.6256582851121	37.0	37.0	37.0	37.0	37.0
8	36.616288096357025	37.0	37.0	37.0	37.0	37.0
9	36.5824343376325	37.0	37.0	37.0	37.0	37.0
10-14	37.02561708147213	37.6	37.0	37.6	37.0	37.6
15-19	38.76768640928633	40.0	37.0	40.0	37.0	40.0
20-24	38.72014025693729	40.0	37.0	40.0	37.0	40.0
25-29	38.59525151784146	40.0	37.0	40.0	37.0	40.0
30-34	38.50194926129342	40.0	37.0	40.0	37.0	40.0
35-39	38.46227192820061	40.0	37.0	40.0	37.0	40.0
40-44	38.43394306492421	40.0	37.0	40.0	37.0	40.0
45-49	38.32330148121073	40.0	37.0	40.0	37.0	40.0
50-54	38.278844968931125	40.0	37.0	40.0	37.0	40.0
55-59	38.04585775250283	40.0	37.0	40.0	35.4	40.0
60-64	37.69103555000688	40.0	37.0	40.0	33.0	40.0
65-69	37.187746062789664	37.0	37.0	40.0	33.0	40.0
70-74	36.54864842883432	37.0	37.0	39.4	33.0	40.0
75-79	35.37197329675007	37.0	34.6	37.0	31.8	37.6
80-84	35.412498057700915	37.0	34.6	37.0	33.0	37.0
85-89	34.99886965313941	37.0	33.0	37.0	33.0	37.0
90-94	34.65598308815269	37.0	33.0	37.0	33.0	37.0
95-99	34.33150328410733	37.0	33.0	37.0	33.0	37.0
100-101	33.605310744118114	35.0	33.0	37.0	30.0	37.0
>>END_MODULE
>>Per sequence quality scores	pass
#Quality	Count
5	1.0
6	2.0
7	12.0
8	39.0
9	84.0
10	161.0
11	309.0
12	383.0
13	497.0
14	559.0
15	709.0
16	853.0
17	1035.0
18	1246.0
19	1486.0
20	1750.0
21	2147.0
22	2573.0
23	3303.0
24	4461.0
25	5950.0
26	8192.0
27	11385.0
28	15709.0
29	21228.0
30	29245.0
31	40173.0
32	55149.0
33	78418.0
34	115002.0
35	175145.0
36	320703.0
37	928876.0
38	1330914.0
39	2216.0
>>END_MODULE
>>Per base sequence content	fail
#Base	G	A	T	C
1	33.645702475989786	28.346771538274506	15.897805902257161	22.109720083478543
2	12.027064019127097	23.914345797276194	45.11165648443075	18.946933699165957
3	12.668985960801143	32.68742510876439	34.33846629079416	20.30512263964031
4	10.166711290958611	20.9897794547228	46.40752295935645	22.43598629496214
5	9.7406417577688	40.494348740393335	40.220607199877215	9.544402301960654
6	22.381470629096434	46.325072873841776	21.147639191332164	10.145817305729619
7	20.42289112207132	35.54855114773657	30.642438166849423	13.386119563342685
8	18.493622130496714	41.457813210561945	25.11937836223868	14.92918629670266
9	21.346618500814106	18.62116544274134	27.887617230210303	32.14459882623425
10-14	19.196225214918755	27.95407471403503	33.515426839013074	19.33427323203314
15-19	18.0844616710747	33.54568722729082	30.533288597935805	17.836562503698676
20-24	18.21182707844277	31.783245568214348	31.822708699997094	18.182218653345785
25-29	18.365053914153698	31.79325203904005	31.549604610129617	18.292089436676637
30-34	18.41869726064047	31.68124718618453	31.5430509889788	18.357004564196195
35-39	18.4417061361802	31.655372664108615	31.5271030744194	18.375818125291783
40-44	18.514549822672436	31.519191593393593	31.52412843536161	18.44213014857236
45-49	18.454000571914445	31.512707374367118	31.538954930787337	18.4943371229311
50-54	18.43606153153633	31.521453143069117	31.50147791968808	18.54100740570647
55-59	18.475237466830595	31.422750295498453	31.47288455543899	18.629127682231957
60-64	18.468863877667594	31.402958623887034	31.459605717242393	18.668571781202974
65-69	18.509940793938107	31.38481446385249	31.35797713370858	18.747267608500824
70-74	18.510402934961093	31.337046763125205	31.360750718508346	18.791799583405357
75-79	18.509077140886706	31.343884215248725	31.33743454118829	18.809604102676282
80-84	18.450115414809414	31.329330868804604	31.3069561751591	18.913597541226874
85-89	18.553907856023567	31.222049235505484	31.286321038446985	18.937721870023967
90-94	18.537781393743884	31.192080612125377	31.301399568827698	18.968738425303037
95-99	18.516611630965425	31.184026486020915	31.263180140853237	19.036181742160423
100-101	18.588851136468485	31.054514308666736	31.27623878063885	19.08039577422593
>>END_MODULE
>>Per base GC content	fail
#Base	%GC
1	55.75542255946833
2	30.973997718293056
3	32.97410860044145
4	32.60269758592075
5	19.285044059729454
6	32.527287934826056
7	33.809010685414
8	33.42280842719937
9	53.49121732704836
10-14	38.530498446951896
15-19	35.92102417477337
20-24	36.39404573178855
25-29	36.65714335083033
30-34	36.77570182483667
35-39	36.81752426147199
40-44	36.956679971244796
45-49	36.94833769484554
50-54	36.9770689372428
55-59	37.10436514906255
60-64	37.13743565887057
65-69	37.25720840243893
70-74	37.30220251836645
75-79	37.318681243562985
80-84	37.36371295603629
85-89	37.491629726047535
90-94	37.50651981904692
95-99	37.55279337312585
100-101	37.66924691069441
>>END_MODULE
>>Per sequence GC content	pass
#GC Content	Count
0	0.0
1	0.0
2	0.0
3	0.0
4	0.0
5	0.0
6	0.0
7	0.5
8	1.5
9	2.5
10	6.5
11	12.0
12	20.0
13	40.5
14	74.0
15	126.5
16	175.5
17	273.5
18	487.0
19	794.0
20	1307.5
21	2141.5
22	3442.5
23	5627.5
24	9357.5
25	15464.5
26	24334.5
27	37237.5
28	54391.5
29	74898.5
30	98808.0
31	124942.5
32	151986.0
33	177253.5
34	197939.0
35	213133.5
36	221545.5
37	222909.0
38	217664.0
39	205457.5
40	188558.0
41	168349.0
42	145970.5
43	123946.0
44	103588.5
45	85079.5
46	68201.5
47	53955.5
48	42470.0
49	32286.0
50	24166.0
51	18149.0
52	13100.0
53	9401.5
54	6499.5
55	4514.5
56	3149.0
57	2177.5
58	1588.5
59	1132.0
60	687.5
61	340.5
62	223.0
63	177.0
64	135.5
65	79.0
66	40.5
67	26.0
68	18.5
69	15.5
70	14.0
71	9.5
72	3.0
73	2.0
74	2.0
75	1.0
76	0.5
77	1.5
78	1.0
79	0.0
80	0.0
81	0.0
82	0.0
83	0.0
84	0.0
85	0.0
86	0.0
87	0.0
88	0.0
89	0.0
90	0.0
91	0.0
92	0.0
93	0.0
94	0.0
95	0.0
96	0.0
97	0.0
98	0.0
99	0.0
100	0.0
>>END_MODULE
>>Per base N content	pass
#Base	N-Count
1	0.039842843873964966
2	0.0
3	0.010538258149348953
4	0.006360930594652071
5	0.0
6	6.329284173783155E-5
7	0.0
8	1.265856834756631E-4
9	0.0
10-14	0.0
15-19	3.7975705042698934E-5
20-24	1.1392711512809679E-4
25-29	6.709041224210145E-4
30-34	0.0018861266837873804
35-39	2.4684208277754306E-4
40-44	6.3292841737831554E-6
45-49	5.6963557564048395E-5
50-54	1.2658568347566311E-5
55-59	0.0
60-64	0.0
65-69	0.004341888943215244
70-74	0.003316544907062374
75-79	0.002069675924827092
80-84	0.0030127392667207817
85-89	0.016462468136009985
90-94	0.03433636664277362
95-99	0.03151350590126633
100-101	0.018623918681356936
>>END_MODULE
>>Sequence Length Distribution	pass
#Length	Count
101	3159915.0
>>END_MODULE
>>Sequence Duplication Levels	warn
#Total Duplicate Percentage	45.38183657594977
#Duplication Level	Relative count
1	100.0
2	38.635609065650826
3	16.64162021423454
4	7.791776608943331
5	3.88365631607458
6	2.1449665367745996
7	1.1733971726632533
8	0.7732364093871774
9	0.5041326646513009
10++	3.1942963985531305
>>END_MODULE
>>Overrepresented sequences	pass
>>END_MODULE
>>Kmer Content	warn
#Sequence	Count	Obs/Exp Overall	Obs/Exp Max	Max Obs/Exp Position
GTCTT	382205	1.157858	5.071236	1
ATACC	357405	1.0828083	5.4097276	6
GTATT	546835	0.9805453	6.473216	1
AATAC	534480	0.9584617	5.4483514	5
ATACT	464595	0.82944417	5.500374	6
TATTA	771125	0.8112582	5.3342986	2
TATAC	454275	0.8110198	6.102099	5
GTATA	394650	0.710811	6.755498	1
>>END_MODULE
