##FastQC	0.10.1
>>Basic Statistics	pass
#Measure	Value	
Filename	1006_BC_uniq2.fastq	
File type	Conventional base calls	
Encoding	Sanger / Illumina 1.9	
Total Sequences	2801472	
Filtered Sequences	0	
Sequence length	101	
%GC	36	
>>END_MODULE
>>Per base sequence quality	pass
#Base	Mean	Median	Lower Quartile	Upper Quartile	10th Percentile	90th Percentile
1	31.753445688552304	33.0	33.0	33.0	27.0	33.0
2	31.762251416398236	33.0	33.0	33.0	27.0	33.0
3	31.742759163753913	33.0	33.0	33.0	27.0	33.0
4	35.56924181287552	37.0	37.0	37.0	33.0	37.0
5	35.59903900520869	37.0	37.0	37.0	33.0	37.0
6	35.65173665844242	37.0	37.0	37.0	33.0	37.0
7	35.60019803874535	37.0	37.0	37.0	33.0	37.0
8	35.614433769104245	37.0	37.0	37.0	33.0	37.0
9	35.62357003746602	37.0	37.0	37.0	33.0	37.0
10-14	35.97881006842117	37.6	37.0	37.6	33.0	37.6
15-19	37.49561659013547	40.0	37.0	40.0	33.0	40.0
20-24	37.38160588433509	40.0	37.0	40.0	33.0	40.0
25-29	37.13955192127567	40.0	37.0	40.0	33.0	40.0
30-34	37.004156671921045	40.0	37.0	40.0	33.0	40.0
35-39	36.904893641628405	40.0	37.0	40.0	33.0	40.0
40-44	36.72312569963219	40.0	37.0	40.0	33.0	40.0
45-49	36.48740612078221	40.0	37.0	40.0	33.0	40.0
50-54	35.594469193338355	37.6	36.2	39.4	31.8	40.0
55-59	36.128435265460446	38.8	37.0	40.0	33.0	40.0
60-64	36.0249649469993	38.2	37.0	40.0	33.0	40.0
65-69	35.72533789379298	37.0	37.0	40.0	31.8	40.0
70-74	35.134180673588745	37.0	37.0	39.4	27.0	40.0
75-79	34.25895650572271	37.0	33.8	37.0	27.0	39.4
80-84	33.60942611598474	37.0	33.0	37.0	27.0	37.0
85-89	33.14706083087748	37.0	33.0	37.0	27.0	37.0
90-94	32.772874902908185	37.0	33.0	37.0	27.0	37.0
95-99	32.38723927992142	37.0	33.0	37.0	27.0	37.0
100-101	31.738276698821192	35.0	33.0	37.0	22.0	37.0
>>END_MODULE
>>Per sequence quality scores	pass
#Quality	Count
2	27453.0
3	5972.0
4	4503.0
5	4766.0
6	3880.0
7	3594.0
8	3939.0
9	4669.0
10	5048.0
11	5262.0
12	4749.0
13	4395.0
14	4453.0
15	5020.0
16	5715.0
17	5970.0
18	6368.0
19	6406.0
20	6652.0
21	7167.0
22	8172.0
23	9574.0
24	11152.0
25	13435.0
26	15947.0
27	19323.0
28	23840.0
29	28872.0
30	35883.0
31	45744.0
32	60280.0
33	82413.0
34	115789.0
35	173438.0
36	304789.0
37	774772.0
38	949115.0
39	2953.0
>>END_MODULE
>>Per base sequence content	fail
#Base	G	A	T	C
1	35.20143255581274	27.803573290732214	15.36815315475122	21.626840998703834
2	12.20217312715843	23.34271914264412	45.96331974606364	18.491787984133815
3	12.968116534005508	33.226953594571015	33.84538211967631	19.959547751747166
4	10.049663116674838	20.50105060036609	47.30616897779647	22.14311730516261
5	9.589475477473117	40.70972812556816	40.37537883614093	9.325417560817785
6	22.09150915509747	46.526596016557704	21.39959131167364	9.98230351667119
7	20.24022172334311	35.383957495880914	31.186990115620233	13.18883066515574
8	18.33136155106714	41.73670868175791	25.19187828062491	14.74005148655004
9	21.220134907263304	18.950211129545746	28.119270788146757	31.710383175044193
10-14	19.15555952858144	28.00480352157336	33.6409802451284	19.1986567047168
15-19	18.083456383749947	33.52535909517142	30.63382780538172	17.757356715696922
20-24	18.138842282268907	31.890441452933516	31.8691084573071	18.101607807490474
25-29	18.310153125746705	31.836093623131767	31.618872291305074	18.23488095981645
30-34	18.334214366730652	31.82301217257112	31.58637814563983	18.256395315058402
35-39	18.381530711747292	31.717349163825382	31.601719730735955	18.29940039369137
40-44	18.438019391298653	31.630775245696917	31.568538428646388	18.362666934358042
45-49	18.41783199546643	31.624713115210874	31.561191943249177	18.39626294607352
50-54	18.36069685878368	31.668521111137597	31.547783568397865	18.422998461680866
55-59	18.44927367762802	31.52710873209101	31.549576777795757	18.474040812485214
60-64	18.425732496995618	31.581516071546194	31.477983483276546	18.51476794818164
65-69	18.435945205448142	31.52005261547795	31.48735365016664	18.556648528907264
70-74	18.448608303051806	31.51195714404481	31.44629126840437	18.593143284499014
75-79	18.508030374129326	31.451691550108595	31.472006271246915	18.56827180451516
80-84	18.464084681850593	31.453295613011434	31.40993628771003	18.672683417427944
85-89	18.56049689590163	31.338549144936263	31.430225403801543	18.670728555360565
90-94	18.574041856766375	31.372519049729785	31.399988543663998	18.65345054983985
95-99	18.571928277970855	31.3509212352305	31.377387930044513	18.699762556754134
100-101	18.723626797826697	31.250885546399772	31.311830792697364	18.713656863076167
>>END_MODULE
>>Per base GC content	fail
#Base	%GC
1	56.82827355451657
2	30.693961111292246
3	32.92766428575267
4	32.19278042183745
5	18.914893038290902
6	32.07381267176866
7	33.42905238849885
8	33.07141303761718
9	52.9305180823075
10-14	38.35421623329824
15-19	35.84081309944687
20-24	36.240450089759385
25-29	36.54503408556316
30-34	36.590609681789054
35-39	36.68093110543866
40-44	36.8006863256567
45-49	36.81409494153994
50-54	36.783695320464545
55-59	36.923314490113235
60-64	36.94050044517726
65-69	36.9925937343554
70-74	37.04175158755082
75-79	37.07630217864449
80-84	37.136768099278534
85-89	37.2312254512622
90-94	37.227492406606224
95-99	37.27169083472499
100-101	37.437283660902864
>>END_MODULE
>>Per sequence GC content	pass
#GC Content	Count
0	138.0
1	87.0
2	41.0
3	58.0
4	73.5
5	81.5
6	93.5
7	110.0
8	139.5
9	165.5
10	206.0
11	227.0
12	240.5
13	317.0
14	402.0
15	505.5
16	645.0
17	819.5
18	1121.5
19	1534.0
20	2193.0
21	3276.5
22	4816.0
23	7327.5
24	11610.0
25	17794.5
26	26536.0
27	38003.0
28	52882.5
29	71297.0
30	91956.0
31	113883.5
32	136264.5
33	157942.0
34	175159.5
35	186797.5
36	192795.5
37	193078.0
38	187728.5
39	177264.0
40	162854.0
41	144656.0
42	124614.0
43	105822.0
44	89007.5
45	73001.0
46	58444.0
47	46088.0
48	36335.0
49	28026.0
50	21071.0
51	15704.0
52	11480.5
53	8448.5
54	5934.0
55	4183.5
56	3064.0
57	2163.0
58	1508.0
59	1091.5
60	724.0
61	427.0
62	292.0
63	221.0
64	168.0
65	121.5
66	85.5
67	58.5
68	42.5
69	33.0
70	31.5
71	27.0
72	26.5
73	24.0
74	16.0
75	14.5
76	13.0
77	14.0
78	15.0
79	13.0
80	8.0
81	5.5
82	5.5
83	5.5
84	5.5
85	3.0
86	2.5
87	2.0
88	2.0
89	3.5
90	5.5
91	4.5
92	1.5
93	1.0
94	2.0
95	2.0
96	2.0
97	2.5
98	2.5
99	1.0
100	0.0
>>END_MODULE
>>Per base N content	pass
#Base	N-Count
1	0.39033051195942703
2	0.3704838028008133
3	0.37576673977109176
4	0.33050482032303014
5	0.26371850227309074
6	0.13353694057980947
7	0.08238526032028876
8	0.040300242158408155
9	0.020881879240627784
10-14	0.012864665433029492
15-19	0.006468028236584196
20-24	0.10673674411166702
25-29	0.328570123135266
30-34	0.22379663262741875
35-39	0.028592111575628815
40-44	0.008431281840403903
45-49	0.07461791515317662
50-54	0.27283513809882803
55-59	0.3234656637653348
60-64	0.1805408014072602
65-69	0.04938118246407603
70-74	0.13106681059100359
75-79	0.44125374089050323
80-84	0.2880842642724968
85-89	0.12010828592968269
90-94	0.045504648984533845
95-99	0.034667489091449066
100-101	0.10917474813241039
>>END_MODULE
>>Sequence Length Distribution	pass
#Length	Count
101	2801472.0
>>END_MODULE
>>Sequence Duplication Levels	warn
#Total Duplicate Percentage	40.96624181880813
#Duplication Level	Relative count
1	100.0
2	33.20933625091174
3	13.688305373206905
4	6.12448334548991
5	3.052111192154956
6	1.5795445335926737
7	0.8849987843423291
8	0.6199854121079504
9	0.3987357160223681
10++	2.530188832158198
>>END_MODULE
>>Overrepresented sequences	pass
>>END_MODULE
>>Kmer Content	warn
#Sequence	Count	Obs/Exp Overall	Obs/Exp Max	Max Obs/Exp Position
GTCTT	330040	1.1339604	5.3943477	1
ATACC	321545	1.1112956	5.547209	6
GTATT	494650	0.99293417	7.0796213	1
AATAC	486460	0.98225915	5.7321496	5
ATATA	783205	0.9212643	5.2208414	1
ATACT	426320	0.8583282	5.759527	6
TATTA	725560	0.85098296	5.880083	2
TATAC	407455	0.8203465	6.3720794	5
GTATA	372020	0.7489451	7.754668	1
>>END_MODULE
