##FastQC	0.10.1
>>Basic Statistics	pass
#Measure	Value	
Filename	1012_BC_uniq2.fastq	
File type	Conventional base calls	
Encoding	Sanger / Illumina 1.9	
Total Sequences	3159915	
Filtered Sequences	0	
Sequence length	101	
%GC	37	
>>END_MODULE
>>Per base sequence quality	pass
#Base	Mean	Median	Lower Quartile	Upper Quartile	10th Percentile	90th Percentile
1	31.958110265624235	33.0	33.0	33.0	33.0	33.0
2	31.96557344105775	33.0	33.0	33.0	33.0	33.0
3	31.948819509385537	33.0	33.0	33.0	33.0	33.0
4	35.79610464205525	37.0	37.0	37.0	33.0	37.0
5	35.82178191501987	37.0	37.0	37.0	33.0	37.0
6	35.87486119088646	37.0	37.0	37.0	33.0	37.0
7	35.832244538223335	37.0	37.0	37.0	33.0	37.0
8	35.85174854386906	37.0	37.0	37.0	33.0	37.0
9	35.86712269159139	37.0	37.0	37.0	33.0	37.0
10-14	36.24241531813355	37.6	37.0	37.6	33.0	37.6
15-19	37.818361506559505	40.0	37.0	40.0	33.0	40.0
20-24	37.70606747333393	40.0	37.0	40.0	33.0	40.0
25-29	37.47552127193295	40.0	37.0	40.0	33.0	40.0
30-34	37.351815665927724	40.0	37.0	40.0	33.0	40.0
35-39	37.27131888041292	40.0	37.0	40.0	33.0	40.0
40-44	37.100236240531785	40.0	37.0	40.0	33.0	40.0
45-49	36.87450953585777	40.0	37.0	40.0	33.0	40.0
50-54	35.98255263195371	37.6	37.0	39.4	33.0	40.0
55-59	36.530591424136404	40.0	37.0	40.0	33.0	40.0
60-64	36.43500916955044	38.8	37.0	40.0	33.0	40.0
65-69	36.126808157814374	37.0	37.0	40.0	33.0	40.0
70-74	35.522337721109594	37.0	37.0	39.4	33.0	40.0
75-79	34.64348186580968	37.0	34.6	37.0	28.2	39.4
80-84	34.00602807353995	37.0	33.0	37.0	27.0	37.0
85-89	33.56725677747661	37.0	33.0	37.0	27.0	37.0
90-94	33.21547864420404	37.0	33.0	37.0	27.0	37.0
95-99	32.85380923221036	37.0	33.0	37.0	27.0	37.0
100-101	32.207882965206345	35.0	33.0	37.0	24.5	37.0
>>END_MODULE
>>Per sequence quality scores	pass
#Quality	Count
2	22978.0
3	4964.0
4	3941.0
5	4640.0
6	3500.0
7	3111.0
8	3496.0
9	4269.0
10	4746.0
11	4908.0
12	4216.0
13	3994.0
14	4004.0
15	4503.0
16	5121.0
17	5436.0
18	5804.0
19	5960.0
20	6306.0
21	6910.0
22	7802.0
23	8922.0
24	10634.0
25	12995.0
26	15710.0
27	18960.0
28	23564.0
29	28974.0
30	36514.0
31	47143.0
32	62439.0
33	87897.0
34	126572.0
35	192032.0
36	349261.0
37	915056.0
38	1100162.0
39	2471.0
>>END_MODULE
>>Per base sequence content	fail
#Base	G	A	T	C
1	35.112468797502785	27.79357673399458	15.353280901275554	21.740673567227084
2	12.327437665351058	23.456024560271015	45.57240375011754	18.644134024260385
3	13.06228843645906	32.55582259399338	34.11169125344101	20.270197716106548
4	10.349527326768515	20.53243614862612	46.7144367773752	22.403599747230167
5	9.828402937674689	40.39109127049607	40.17254903951848	9.607956752310766
6	22.40977715241862	46.130114846364464	21.272848849001118	10.1872591522158
7	20.481175934741806	35.45747441864295	30.649896014863888	13.411453631751352
8	18.566445344703787	41.31221593391494	25.1546573224306	14.966681398950673
9	21.319997315830523	18.75883117080434	27.921629847964592	31.99954166540055
10-14	19.22123931001475	27.93606223927628	33.48290656316242	19.359791887546553
15-19	18.136280783813607	33.49779724194602	30.538984997597574	17.826936976642806
20-24	18.20513714080059	31.767953000572792	31.824003061653798	18.202906796972815
25-29	18.38455956230738	31.757387231475803	31.542042676059207	18.316010530157605
30-34	18.436210269038618	31.714384822318852	31.48815279283193	18.3612521158106
35-39	18.447259207963302	31.651243164710262	31.50904672609161	18.392450901234824
40-44	18.51981424869771	31.543977312029476	31.484591280798828	18.451617158473983
45-49	18.50209468300354	31.513319553949295	31.485499817480484	18.49908594556668
50-54	18.441153242632513	31.500991170826847	31.499905843055636	18.557949743485004
55-59	18.50956478037777	31.419994120859208	31.446259109318426	18.6241819894446
60-64	18.4922999425755	31.436109662534673	31.427606321565033	18.6439840733248
65-69	18.530579103987645	31.36487143012018	31.376611872867848	18.727937593024325
70-74	18.522867625137657	31.28390063823703	31.392498027691417	18.800733708933898
75-79	18.550217568773856	31.268657380680505	31.39265632271896	18.788468727826675
80-84	18.501858707977522	31.29323302829587	31.33962375898606	18.865284504740547
85-89	18.619529496472264	31.15421606625449	31.35987829845206	18.866376138821185
90-94	18.63787708222283	31.141731789854575	31.351161933940535	18.869229193982058
95-99	18.639696068554258	31.1111284171647	31.30173771350394	18.947437800777102
100-101	18.762571643915603	30.99512769099315	31.28778621528452	18.954514449806727
>>END_MODULE
>>Per base GC content	fail
#Base	%GC
1	56.85314236472987
2	30.971571689611444
3	33.33248615256561
4	32.753127073998684
5	19.436359689985455
6	32.59703630463442
7	33.89262956649316
8	33.53312674365446
9	53.31953898123108
10-14	38.5810311975613
15-19	35.963217760456416
20-24	36.40804393777341
25-29	36.700570092464986
30-34	36.79746238484922
35-39	36.83971010919812
40-44	36.97143140717169
45-49	37.001180628570225
50-54	36.999102986117514
55-59	37.133746769822366
60-64	37.136284015900294
65-69	37.25851669701197
70-74	37.323601334071554
75-79	37.338686296600535
80-84	37.36714321271807
85-89	37.48590563529345
90-94	37.50710627620489
95-99	37.58713386933136
100-101	37.71708609372233
>>END_MODULE
>>Per sequence GC content	pass
#GC Content	Count
0	150.0
1	97.0
2	49.0
3	60.5
4	81.0
5	88.0
6	93.0
7	123.5
8	151.0
9	168.0
10	200.0
11	243.0
12	277.0
13	330.0
14	386.5
15	469.0
16	556.0
17	650.0
18	899.0
19	1221.5
20	1702.0
21	2484.0
22	3650.0
23	5804.5
24	9546.5
25	15533.0
26	24358.5
27	36992.0
28	54042.0
29	74564.0
30	98443.0
31	124701.0
32	151857.5
33	177320.0
34	197817.5
35	212664.5
36	220682.0
37	221969.5
38	216144.5
39	204387.5
40	188478.5
41	167805.0
42	145333.0
43	123193.5
44	102833.0
45	84557.0
46	67899.5
47	53977.0
48	42754.5
49	32797.5
50	24603.5
51	18513.5
52	13530.5
53	9839.0
54	6941.5
55	4858.0
56	3406.0
57	2418.0
58	1782.0
59	1274.5
60	786.5
61	394.5
62	243.0
63	191.0
64	151.5
65	109.0
66	68.0
67	45.0
68	40.0
69	31.5
70	23.0
71	19.0
72	15.0
73	13.5
74	12.5
75	9.0
76	8.5
77	7.5
78	6.5
79	7.0
80	5.5
81	6.0
82	6.5
83	6.0
84	4.0
85	2.5
86	2.5
87	2.0
88	1.0
89	1.5
90	2.0
91	1.0
92	3.5
93	3.5
94	1.5
95	1.5
96	2.0
97	1.5
98	0.5
99	1.0
100	1.0
>>END_MODULE
>>Per base N content	pass
#Base	N-Count
1	0.40289058408216677
2	0.3818773606252067
3	0.3867192630181508
4	0.341939577488635
5	0.27149464463442846
6	0.13908601971888485
7	0.08648966823474682
8	0.04174162912609991
9	0.020601819985664172
10-14	0.012418055548962552
15-19	0.006152064216917227
20-24	0.10921179841862835
25-29	0.33660399093013577
30-34	0.22856943936783108
35-39	0.028633681602194996
40-44	0.007892617364707595
45-49	0.07735651117197773
50-54	0.2782733079845502
55-59	0.33150258788606657
60-64	0.1854670141443678
65-69	0.050678578379481726
70-74	0.1336175181927362
75-79	0.4507399724359674
80-84	0.2938560056204043
85-89	0.12235772164757597
90-94	0.04555185819871737
95-99	0.03472878226154817
100-101	0.11095235156641872
>>END_MODULE
>>Sequence Length Distribution	pass
#Length	Count
101	3159915.0
>>END_MODULE
>>Sequence Duplication Levels	warn
#Total Duplicate Percentage	43.647169639911446
#Duplication Level	Relative count
1	100.0
2	36.26143325018242
3	15.60606831950313
4	7.121281542194844
5	3.6009435082896366
6	1.8573198255527839
7	1.0869011861731914
8	0.7118736106161652
9	0.46920870878514825
10++	2.980705594868401
>>END_MODULE
>>Overrepresented sequences	pass
>>END_MODULE
>>Kmer Content	warn
#Sequence	Count	Obs/Exp Overall	Obs/Exp Max	Max Obs/Exp Position
GTCTT	375715	1.1393117	5.432853	1
ATACC	359200	1.0956111	5.5268345	6
GTCCA	202825	1.049576	5.1196594	1
GTATT	545365	0.978662	6.9550695	1
AATAC	533530	0.96303135	5.5269833	5
ATACT	464025	0.83346623	5.418597	6
TATTA	772075	0.8166437	5.6054225	2
TATAC	453230	0.8140766	6.030692	5
GTATA	393685	0.70995253	7.1251698	1
>>END_MODULE
